[initialization]
simulation_engine=DTALite.exe
nexta=1
FreewayColor=-1.00000
RampColor=-1.00000
ArterialColor=-1.00000
ConnectorColor=-1.00000
TransitColor=-1.00000
WalkingColor=-1.00000
BackgroundColor=-1.00000
NodeColor=-1.00000
NodeBrushColor=-1.00000
AgentColor1=-1.00000
AgentColor2=-1.00000
AgentColor3=-1.00000
AgentColor4=-1.00000
[Grid]
top=50.00000
bottom=0.00000
left=0.00000
right=100.00000
